{
    "epoch": 50,
    "train_loss": -0.0644159234039655,
    "val_loss": 2.2131906063103477
}