{
    "epoch": 50,
    "train_loss": -0.5855197031387543,
    "val_loss": -0.23945568408817053
}