{
    "epoch": 50,
    "train_loss": 0.6520057572164091,
    "val_loss": 1.3038090893200465
}